%  30/10/2005                                                                   
%                                                                               
% Fields of LDCv2 detector ( copy of Mokka db fieldmaps00 )                     
% anti-DID optimized to direct pairs into extraction hole                       
%                                                                               
%  z(cm)            Bz(kGauss)         Br(kG)       Bx_DID(kG)         
% (here Br is on the ideal beam axis, with half angle 0.007rad)                 
%-----------------------------------------------------------------    
      600
      0.0000E+00   0.3511815E+02   0.0000000E+00   0.0000000E+00
      0.1000E+01   0.3511817E+02  -0.6125100E-07  -0.9357259E-04
      0.2000E+01   0.3511819E+02  -0.1225020E-06  -0.1868339E-03
      0.3000E+01   0.3511820E+02  -0.1837530E-06  -0.2794727E-03
      0.4000E+01   0.3511826E+02  -0.7350120E-06  -0.3711783E-03
      0.5000E+01   0.3511831E+02  -0.9187650E-06  -0.4616398E-03
      0.6000E+01   0.3511836E+02  -0.1102518E-05  -0.5505469E-03
      0.7000E+01   0.3511843E+02  -0.1715028E-05  -0.6375900E-03
      0.8000E+01   0.3511853E+02  -0.2695044E-05  -0.7224600E-03
      0.9000E+01   0.3511861E+02  -0.2480666E-05  -0.8048484E-03
      0.1000E+02   0.3511871E+02  -0.3675060E-05  -0.8844474E-03
      0.1100E+02   0.3511883E+02  -0.4379447E-05  -0.9609504E-03
      0.1200E+02   0.3511894E+02  -0.4777578E-05  -0.1034052E-02
      0.1300E+02   0.3511907E+02  -0.5971973E-05  -0.1103447E-02
      0.1400E+02   0.3511922E+02  -0.7288869E-05  -0.1168833E-02
      0.1500E+02   0.3511936E+02  -0.7350120E-05  -0.1229906E-02
      0.1600E+02   0.3511952E+02  -0.8820144E-05  -0.1286366E-02
      0.1700E+02   0.3511969E+02  -0.1041267E-04  -0.1337916E-02
      0.1800E+02   0.3511987E+02  -0.1102518E-04  -0.1384255E-02
      0.1900E+02   0.3512005E+02  -0.1221957E-04  -0.1425090E-02
      0.2000E+02   0.3512024E+02  -0.1347522E-04  -0.1460125E-02
      0.2100E+02   0.3512045E+02  -0.1543525E-04  -0.1489067E-02
      0.2200E+02   0.3512065E+02  -0.1549650E-04  -0.1511628E-02
      0.2300E+02   0.3512088E+02  -0.1831405E-04  -0.1527518E-02
      0.2400E+02   0.3512111E+02  -0.1911031E-04  -0.1536452E-02
      0.2500E+02   0.3512134E+02  -0.1990658E-04  -0.1538146E-02
      0.2600E+02   0.3512159E+02  -0.2309163E-04  -0.1532318E-02
      0.2700E+02   0.3512184E+02  -0.2397977E-04  -0.1518688E-02
      0.2800E+02   0.3512210E+02  -0.2486791E-04  -0.1496982E-02
      0.2900E+02   0.3512237E+02  -0.2753233E-04  -0.1466923E-02
      0.3000E+02   0.3512265E+02  -0.2940048E-04  -0.1428243E-02
      0.3100E+02   0.3512292E+02  -0.2943111E-04  -0.1380672E-02
      0.3200E+02   0.3512321E+02  -0.3234053E-04  -0.1323944E-02
      0.3300E+02   0.3512351E+02  -0.3436181E-04  -0.1257797E-02
      0.3400E+02   0.3512380E+02  -0.3540308E-04  -0.1181971E-02
      0.3500E+02   0.3512410E+02  -0.3644435E-04  -0.1096210E-02
      0.3600E+02   0.3512443E+02  -0.4079317E-04  -0.1000262E-02
      0.3700E+02   0.3512474E+02  -0.4079317E-04  -0.8938738E-03
      0.3800E+02   0.3512505E+02  -0.4189569E-04  -0.7768014E-03
      0.3900E+02   0.3512539E+02  -0.4538699E-04  -0.6488010E-03
      0.4000E+02   0.3512571E+02  -0.4532574E-04  -0.5096331E-03
      0.4100E+02   0.3512604E+02  -0.4771453E-04  -0.3590615E-03
      0.4200E+02   0.3512638E+02  -0.5016457E-04  -0.1968540E-03
      0.4300E+02   0.3512674E+02  -0.5267586E-04  -0.2278203E-04
      0.4400E+02   0.3512708E+02  -0.5255336E-04   0.1633792E-03
      0.4500E+02   0.3512743E+02  -0.5512590E-04   0.3618506E-03
      0.4600E+02   0.3512778E+02  -0.5635092E-04   0.5728492E-03
      0.4700E+02   0.3512813E+02  -0.5757594E-04   0.7965877E-03
      0.4800E+02   0.3512848E+02  -0.6027099E-04   0.1033275E-02
      0.4900E+02   0.3512883E+02  -0.6002598E-04   0.1283116E-02
      0.5000E+02   0.3512919E+02  -0.6278228E-04   0.1546310E-02
      0.5100E+02   0.3512955E+02  -0.6403792E-04   0.1823055E-02
      0.5200E+02   0.3512990E+02  -0.6370104E-04   0.2113541E-02
      0.5300E+02   0.3513026E+02  -0.6654921E-04   0.2417955E-02
      0.5400E+02   0.3513062E+02  -0.6780486E-04   0.2736482E-02
      0.5500E+02   0.3513097E+02  -0.6737610E-04   0.3069300E-02
      0.5600E+02   0.3513133E+02  -0.7031615E-04   0.3416581E-02
      0.5700E+02   0.3513168E+02  -0.6982614E-04   0.3778496E-02
      0.5800E+02   0.3513203E+02  -0.7105116E-04   0.4155209E-02
      0.5900E+02   0.3513238E+02  -0.7227618E-04   0.4546879E-02
      0.6000E+02   0.3513272E+02  -0.7166367E-04   0.4953661E-02
      0.6100E+02   0.3513305E+02  -0.7098991E-04   0.5375706E-02
      0.6200E+02   0.3513338E+02  -0.7215368E-04   0.5813160E-02
      0.6300E+02   0.3513372E+02  -0.7331745E-04   0.6266161E-02
      0.6400E+02   0.3513403E+02  -0.7056115E-04   0.6734846E-02
      0.6500E+02   0.3513436E+02  -0.7365433E-04   0.7219346E-02
      0.6600E+02   0.3513466E+02  -0.7074491E-04   0.7719786E-02
      0.6700E+02   0.3513496E+02  -0.6976489E-04   0.8236283E-02
      0.6800E+02   0.3513526E+02  -0.7080616E-04   0.8768961E-02
      0.6900E+02   0.3513555E+02  -0.6973427E-04   0.9317919E-02
      0.7000E+02   0.3513582E+02  -0.6645734E-04   0.9883265E-02
      0.7100E+02   0.3513609E+02  -0.6740673E-04   0.1046510E-01
      0.7200E+02   0.3513635E+02  -0.6615108E-04   0.1106353E-01
      0.7300E+02   0.3513658E+02  -0.5812720E-04   0.1167862E-01
      0.7400E+02   0.3513681E+02  -0.6118975E-04   0.1231047E-01
      0.7500E+02   0.3513704E+02  -0.5971973E-04   0.1295916E-01
      0.7600E+02   0.3513724E+02  -0.5120584E-04   0.1362476E-01
      0.7700E+02   0.3513742E+02  -0.4952144E-04   0.1430733E-01
      0.7800E+02   0.3513761E+02  -0.5255336E-04   0.1500693E-01
      0.7900E+02   0.3513776E+02  -0.4113005E-04   0.1572365E-01
      0.8000E+02   0.3513790E+02  -0.3920064E-04   0.1645750E-01
      0.8100E+02   0.3513804E+02  -0.3969065E-04   0.1720855E-01
      0.8200E+02   0.3513814E+02  -0.2762420E-04   0.1797683E-01
      0.8300E+02   0.3513822E+02  -0.2541917E-04   0.1876239E-01
      0.8400E+02   0.3513830E+02  -0.2315288E-04   0.1956524E-01
      0.8500E+02   0.3513835E+02  -0.1301584E-04   0.2038543E-01
      0.8600E+02   0.3513835E+02  -0.2633793E-05   0.2122295E-01
      0.8700E+02   0.3513837E+02  -0.5328837E-05   0.2207782E-01
      0.8800E+02   0.3513835E+02   0.5390088E-05   0.2295008E-01
      0.8900E+02   0.3513829E+02   0.1907969E-04   0.2383970E-01
      0.9000E+02   0.3513823E+02   0.1929407E-04   0.2474668E-01
      0.9100E+02   0.3513815E+02   0.2786921E-04   0.2567102E-01
      0.9200E+02   0.3513800E+02   0.4789828E-04   0.2661271E-01
      0.9300E+02   0.3513785E+02   0.4841892E-04   0.2757171E-01
      0.9400E+02   0.3513768E+02   0.5469715E-04   0.2854803E-01
      0.9500E+02   0.3513744E+02   0.8146383E-04   0.2954161E-01
      0.9600E+02   0.3513719E+02   0.8232135E-04   0.3055243E-01
      0.9700E+02   0.3513695E+02   0.8317886E-04   0.3158045E-01
      0.9800E+02   0.3513659E+02   0.1230533E-03   0.3262561E-01
      0.9900E+02   0.3513624E+02   0.1212770E-03   0.3368787E-01
      0.1000E+03   0.3513589E+02   0.1225020E-03   0.3476718E-01
      0.1010E+03   0.3513542E+02   0.1670315E-03   0.3586346E-01
      0.1020E+03   0.3513494E+02   0.1686853E-03   0.3697666E-01
      0.1030E+03   0.3513447E+02   0.1703390E-03   0.3810670E-01
      0.1040E+03   0.3513389E+02   0.2102134E-03   0.3925349E-01
      0.1050E+03   0.3513328E+02   0.2250974E-03   0.4041697E-01
      0.1060E+03   0.3513268E+02   0.2239949E-03   0.4159704E-01
      0.1070E+03   0.3513196E+02   0.2687081E-03   0.4279361E-01
      0.1080E+03   0.3513121E+02   0.2844497E-03   0.4400658E-01
      0.1090E+03   0.3513045E+02   0.2870834E-03   0.4523584E-01
      0.1100E+03   0.3512960E+02   0.3267741E-03   0.4648129E-01
      0.1110E+03   0.3512868E+02   0.3603396E-03   0.4774283E-01
      0.1120E+03   0.3512776E+02   0.3601559E-03   0.4902031E-01
      0.1130E+03   0.3512676E+02   0.3945177E-03   0.5031363E-01
      0.1140E+03   0.3512566E+02   0.4399047E-03   0.5162265E-01
      0.1150E+03   0.3512456E+02   0.4437635E-03   0.5294726E-01
      0.1160E+03   0.3512338E+02   0.4760428E-03   0.5428728E-01
      0.1170E+03   0.3512209E+02   0.5303112E-03   0.5564261E-01
      0.1180E+03   0.3512078E+02   0.5420714E-03   0.5701308E-01
      0.1190E+03   0.3511945E+02   0.5539541E-03   0.5839855E-01
      0.1200E+03   0.3511791E+02   0.6431355E-03   0.5979886E-01
      0.1210E+03   0.3511639E+02   0.6447893E-03   0.6121383E-01
      0.1220E+03   0.3511485E+02   0.6575908E-03   0.6264332E-01
      0.1230E+03   0.3511309E+02   0.7571543E-03   0.6408716E-01
      0.1240E+03   0.3511132E+02   0.7709051E-03   0.6554516E-01
      0.1250E+03   0.3510956E+02   0.7694657E-03   0.6701714E-01
      0.1260E+03   0.3510755E+02   0.8875270E-03   0.6850294E-01
      0.1270E+03   0.3510551E+02   0.9062392E-03   0.7000236E-01
      0.1280E+03   0.3510348E+02   0.9094549E-03   0.7151520E-01
      0.1290E+03   0.3510121E+02   0.1023229E-02   0.7304128E-01
      0.1300E+03   0.3509888E+02   0.1059030E-02   0.7458039E-01
      0.1310E+03   0.3509656E+02   0.1063164E-02   0.7613234E-01
      0.1320E+03   0.3509402E+02   0.1176387E-02   0.7769690E-01
      0.1330E+03   0.3509137E+02   0.1234177E-02   0.7927388E-01
      0.1340E+03   0.3508872E+02   0.1243457E-02   0.8086306E-01
      0.1350E+03   0.3508588E+02   0.1339559E-02   0.8246422E-01
      0.1360E+03   0.3508288E+02   0.1428618E-02   0.8407714E-01
      0.1370E+03   0.3507988E+02   0.1439123E-02   0.8570159E-01
      0.1380E+03   0.3507671E+02   0.1529928E-02   0.8733734E-01
      0.1390E+03   0.3507332E+02   0.1651695E-02   0.8898417E-01
      0.1400E+03   0.3506992E+02   0.1663577E-02   0.9064186E-01
      0.1410E+03   0.3506640E+02   0.1735915E-02   0.9231005E-01
      0.1420E+03   0.3506259E+02   0.1896086E-02   0.9398874E-01
      0.1430E+03   0.3505877E+02   0.1913818E-02   0.9567740E-01
      0.1440E+03   0.3505486E+02   0.1966892E-02   0.9737604E-01
      0.1450E+03   0.3505057E+02   0.2180383E-02   0.9908421E-01
      0.1460E+03   0.3504627E+02   0.2195420E-02   0.1008017E+00
      0.1470E+03   0.3504196E+02   0.2219461E-02   0.1025285E+00
      0.1480E+03   0.3503713E+02   0.2501981E-02   0.1042639E+00
      0.1490E+03   0.3503231E+02   0.2509760E-02   0.1060080E+00
      0.1500E+03   0.3502749E+02   0.2531198E-02   0.1077604E+00
      0.1510E+03   0.3502215E+02   0.2825539E-02   0.1095209E+00
      0.1520E+03   0.3501674E+02   0.2876837E-02   0.1112891E+00
      0.1530E+03   0.3501134E+02   0.2891078E-02   0.1130648E+00
      0.1540E+03   0.3500543E+02   0.3183521E-02   0.1148477E+00
      0.1550E+03   0.3499940E+02   0.3275397E-02   0.1166376E+00
      0.1560E+03   0.3499335E+02   0.3301307E-02   0.1184341E+00
      0.1570E+03   0.3498683E+02   0.3582112E-02   0.1202372E+00
      0.1580E+03   0.3498008E+02   0.3735576E-02   0.1220462E+00
      0.1590E+03   0.3497332E+02   0.3759219E-02   0.1238611E+00
      0.1600E+03   0.3496614E+02   0.4022966E-02   0.1256815E+00
      0.1610E+03   0.3495859E+02   0.4255199E-02   0.1275073E+00
      0.1620E+03   0.3495103E+02   0.4286590E-02   0.1293379E+00
      0.1630E+03   0.3494312E+02   0.4512729E-02   0.1311732E+00
      0.1640E+03   0.3493466E+02   0.4851814E-02   0.1330130E+00
      0.1650E+03   0.3492622E+02   0.4876345E-02   0.1348567E+00
      0.1660E+03   0.3491750E+02   0.5068582E-02   0.1367043E+00
      0.1670E+03   0.3490805E+02   0.5518501E-02   0.1385554E+00
      0.1680E+03   0.3489861E+02   0.5556691E-02   0.1404097E+00
      0.1690E+03   0.3488899E+02   0.5688105E-02   0.1422669E+00
      0.1700E+03   0.3487842E+02   0.6289253E-02   0.1441266E+00
      0.1710E+03   0.3486785E+02   0.6326249E-02   0.1459887E+00
      0.1720E+03   0.3485725E+02   0.6379047E-02   0.1478528E+00
      0.1730E+03   0.3484540E+02   0.7173779E-02   0.1497185E+00
      0.1740E+03   0.3483357E+02   0.7209917E-02   0.1515857E+00
      0.1750E+03   0.3482172E+02   0.7256713E-02   0.1534539E+00
      0.1760E+03   0.3480859E+02   0.8085132E-02   0.1553230E+00
      0.1770E+03   0.3479530E+02   0.8234064E-02   0.1571925E+00
      0.1780E+03   0.3478202E+02   0.8275133E-02   0.1590622E+00
      0.1790E+03   0.3476748E+02   0.9111025E-02   0.1609318E+00
      0.1800E+03   0.3475255E+02   0.9404479E-02   0.1628010E+00
      0.1810E+03   0.3473762E+02   0.9456726E-02   0.1646694E+00
      0.1820E+03   0.3472149E+02   0.1027816E-01   0.1665368E+00
      0.1830E+03   0.3470468E+02   0.1076618E-01   0.1684028E+00
      0.1840E+03   0.3468787E+02   0.1082501E-01   0.1702673E+00
      0.1850E+03   0.3466996E+02   0.1159772E-01   0.1721298E+00
      0.1860E+03   0.3465099E+02   0.1234967E-01   0.1739900E+00
      0.1870E+03   0.3463202E+02   0.1241607E-01   0.1758477E+00
      0.1880E+03   0.3461209E+02   0.1311580E-01   0.1777025E+00
      0.1890E+03   0.3459062E+02   0.1419850E-01   0.1795542E+00
      0.1900E+03   0.3456916E+02   0.1427363E-01   0.1814025E+00
      0.1910E+03   0.3454694E+02   0.1485181E-01   0.1832470E+00
      0.1920E+03   0.3452257E+02   0.1637607E-01   0.1850874E+00
      0.1930E+03   0.3449821E+02   0.1645545E-01   0.1869234E+00
      0.1940E+03   0.3447340E+02   0.1684966E-01   0.1887548E+00
      0.1950E+03   0.3444565E+02   0.1893713E-01   0.1905814E+00
      0.1960E+03   0.3441792E+02   0.1902824E-01   0.1924026E+00
      0.1970E+03   0.3439014E+02   0.1914945E-01   0.1942183E+00
      0.1980E+03   0.3435843E+02   0.2197539E-01   0.1960283E+00
      0.1990E+03   0.3432673E+02   0.2208028E-01   0.1978320E+00
      0.2000E+03   0.3429503E+02   0.2219124E-01   0.1996294E+00
      0.2010E+03   0.3425923E+02   0.2518923E-01   0.2014201E+00
      0.2020E+03   0.3422285E+02   0.2571666E-01   0.2032038E+00
      0.2030E+03   0.3418649E+02   0.2583776E-01   0.2049802E+00
      0.2040E+03   0.3414597E+02   0.2893265E-01   0.2067491E+00
      0.2050E+03   0.3410409E+02   0.3004760E-01   0.2085102E+00
      0.2060E+03   0.3406221E+02   0.3019417E-01   0.2102632E+00
      0.2070E+03   0.3401624E+02   0.3330762E-01   0.2120078E+00
      0.2080E+03   0.3396782E+02   0.3524579E-01   0.2137437E+00
      0.2090E+03   0.3391942E+02   0.3540884E-01   0.2154708E+00
      0.2100E+03   0.3386712E+02   0.3844021E-01   0.2171886E+00
      0.2110E+03   0.3381095E+02   0.4148592E-01   0.2188968E+00
      0.2120E+03   0.3375476E+02   0.4168902E-01   0.2205955E+00
      0.2130E+03   0.3369515E+02   0.4444278E-01   0.2222840E+00
      0.2140E+03   0.3362973E+02   0.4899664E-01   0.2239624E+00
      0.2150E+03   0.3356432E+02   0.4922559E-01   0.2256302E+00
      0.2160E+03   0.3349621E+02   0.5149200E-01   0.2272872E+00
      0.2170E+03   0.3341982E+02   0.5801726E-01   0.2289332E+00
      0.2180E+03   0.3334343E+02   0.5828462E-01   0.2305678E+00
      0.2190E+03   0.3326551E+02   0.5972570E-01   0.2321911E+00
      0.2200E+03   0.3317615E+02   0.6881121E-01   0.2338025E+00
      0.2210E+03   0.3308679E+02   0.6911722E-01   0.2354018E+00
      0.2220E+03   0.3299743E+02   0.6943677E-01   0.2369888E+00
      0.2230E+03   0.3289297E+02   0.8153724E-01   0.2385634E+00
      0.2240E+03   0.3278838E+02   0.8199892E-01   0.2401252E+00
      0.2250E+03   0.3268379E+02   0.8236499E-01   0.2416741E+00
      0.2260E+03   0.3256394E+02   0.9480191E-01   0.2432097E+00
      0.2270E+03   0.3244170E+02   0.9711928E-01   0.2447320E+00
      0.2280E+03   0.3231947E+02   0.9754014E-01   0.2462405E+00
      0.2290E+03   0.3218244E+02   0.1098343E+00   0.2477352E+00
      0.2300E+03   0.3204016E+02   0.1145332E+00   0.2492158E+00
      0.2310E+03   0.3189789E+02   0.1150312E+00   0.2506821E+00
      0.2320E+03   0.3174209E+02   0.1265137E+00   0.2521338E+00
      0.2330E+03   0.3157768E+02   0.1340735E+00   0.2535709E+00
      0.2340E+03   0.3141328E+02   0.1346489E+00   0.2549929E+00
      0.2350E+03   0.3123752E+02   0.1445660E+00   0.2563999E+00
      0.2360E+03   0.3104966E+02   0.1551770E+00   0.2577915E+00
      0.2370E+03   0.3086180E+02   0.1558272E+00   0.2591676E+00
      0.2380E+03   0.3066553E+02   0.1634966E+00   0.2605281E+00
      0.2390E+03   0.3045413E+02   0.1768390E+00   0.2618726E+00
      0.2400E+03   0.3024273E+02   0.1775789E+00   0.2632010E+00
      0.2410E+03   0.3002615E+02   0.1826882E+00   0.2645132E+00
      0.2420E+03   0.2979231E+02   0.1980689E+00   0.2658089E+00
      0.2430E+03   0.2955845E+02   0.1988948E+00   0.2670881E+00
      0.2440E+03   0.2932203E+02   0.2019103E+00   0.2683503E+00
      0.2450E+03   0.2906331E+02   0.2218560E+00   0.2695957E+00
      0.2460E+03   0.2880458E+02   0.2227691E+00   0.2708240E+00
      0.2470E+03   0.2854586E+02   0.2236671E+00   0.2720350E+00
      0.2480E+03   0.2830712E+02   0.2072254E+00   0.2732286E+00
      0.2490E+03   0.2806887E+02   0.2076415E+00   0.2744045E+00
      0.2500E+03   0.2783062E+02   0.2084754E+00   0.2755628E+00
      0.2510E+03   0.2759029E+02   0.2111312E+00   0.2767033E+00
      0.2520E+03   0.2734960E+02   0.2122887E+00   0.2778256E+00
      0.2530E+03   0.2710891E+02   0.2131389E+00   0.2789300E+00
      0.2540E+03   0.2686821E+02   0.2139814E+00   0.2800159E+00
      0.2550E+03   0.2662794E+02   0.2144489E+00   0.2810835E+00
      0.2560E+03   0.2638767E+02   0.2152821E+00   0.2821326E+00
      0.2570E+03   0.2614741E+02   0.2161230E+00   0.2831630E+00
      0.2580E+03   0.2591033E+02   0.2140800E+00   0.2841747E+00
      0.2590E+03   0.2570081E+02   0.1899319E+00   0.2851675E+00
      0.2600E+03   0.2549130E+02   0.1906652E+00   0.2861414E+00
      0.2610E+03   0.2528177E+02   0.1914065E+00   0.2870962E+00
      0.2620E+03   0.2506851E+02   0.1955580E+00   0.2880316E+00
      0.2630E+03   0.2484276E+02   0.2078143E+00   0.2889479E+00
      0.2640E+03   0.2461700E+02   0.2085964E+00   0.2898449E+00
      0.2650E+03   0.2439126E+02   0.2093866E+00   0.2907223E+00
      0.2660E+03   0.2418238E+02   0.1944623E+00   0.2915801E+00
      0.2670E+03   0.2400384E+02   0.1668519E+00   0.2924184E+00
      0.2680E+03   0.2382530E+02   0.1674768E+00   0.2932369E+00
      0.2690E+03   0.2364675E+02   0.1681017E+00   0.2940357E+00
      0.2700E+03   0.2347033E+02   0.1667255E+00   0.2948146E+00
      0.2710E+03   0.2329614E+02   0.1652184E+00   0.2955736E+00
      0.2720E+03   0.2312196E+02   0.1658197E+00   0.2963126E+00
      0.2730E+03   0.2294778E+02   0.1664293E+00   0.2970315E+00
      0.2740E+03   0.2279840E+02   0.1432578E+00   0.2977304E+00
      0.2750E+03   0.2266481E+02   0.1285873E+00   0.2984091E+00
      0.2760E+03   0.2253121E+02   0.1290633E+00   0.2990677E+00
      0.2770E+03   0.2239761E+02   0.1295225E+00   0.2997060E+00
      0.2780E+03   0.2228285E+02   0.1116682E+00   0.3003241E+00
      0.2790E+03   0.2217478E+02   0.1055333E+00   0.3009218E+00
      0.2800E+03   0.2206670E+02   0.1059116E+00   0.3014992E+00
      0.2810E+03   0.2195863E+02   0.1062898E+00   0.3020562E+00
      0.2820E+03   0.2184913E+02   0.1080844E+00   0.3025928E+00
      0.2830E+03   0.2173940E+02   0.1086844E+00   0.3031091E+00
      0.2840E+03   0.2162968E+02   0.1090684E+00   0.3036050E+00
      0.2850E+03   0.2151995E+02   0.1094525E+00   0.3040803E+00
      0.2860E+03   0.2142684E+02   0.9320338E-01   0.3045353E+00
      0.2870E+03   0.2133387E+02   0.9338864E-01   0.3049697E+00
      0.2880E+03   0.2124091E+02   0.9371403E-01   0.3053838E+00
      0.2890E+03   0.2114971E+02   0.9224272E-01   0.3057774E+00
      0.2900E+03   0.2107169E+02   0.7919540E-01   0.3061506E+00
      0.2910E+03   0.2099367E+02   0.7946849E-01   0.3065033E+00
      0.2920E+03   0.2091564E+02   0.7974158E-01   0.3068356E+00
      0.2930E+03   0.2083939E+02   0.7820206E-01   0.3071475E+00
      0.2940E+03   0.2076859E+02   0.7285053E-01   0.3074390E+00
      0.2950E+03   0.2069779E+02   0.7309832E-01   0.3077102E+00
      0.2960E+03   0.2062700E+02   0.7334612E-01   0.3079610E+00
      0.2970E+03   0.2055711E+02   0.7264795E-01   0.3081915E+00
      0.2980E+03   0.2048877E+02   0.7127718E-01   0.3084019E+00
      0.2990E+03   0.2042043E+02   0.7152552E-01   0.3085919E+00
      0.3000E+03   0.2035208E+02   0.7176474E-01   0.3087618E+00
      0.3010E+03   0.2028709E+02   0.6847335E-01   0.3089114E+00
      0.3020E+03   0.2022546E+02   0.6514001E-01   0.3090411E+00
      0.3030E+03   0.2016382E+02   0.6536499E-01   0.3091507E+00
      0.3040E+03   0.2010220E+02   0.6557140E-01   0.3092402E+00
      0.3050E+03   0.2004208E+02   0.6418048E-01   0.3093099E+00
      0.3060E+03   0.1998287E+02   0.6340692E-01   0.3093597E+00
      0.3070E+03   0.1992366E+02   0.6362353E-01   0.3093897E+00
      0.3080E+03   0.1986446E+02   0.6382134E-01   0.3093999E+00
      0.3090E+03   0.1980566E+02   0.6359324E-01   0.3093905E+00
      0.3100E+03   0.1974699E+02   0.6365664E-01   0.3093614E+00
      0.3110E+03   0.1968833E+02   0.6385245E-01   0.3093128E+00
      0.3120E+03   0.1962966E+02   0.6406732E-01   0.3092449E+00
      0.3130E+03   0.1957576E+02   0.5904842E-01   0.3091575E+00
      0.3140E+03   0.1952252E+02   0.5851584E-01   0.3090509E+00
      0.3150E+03   0.1946927E+02   0.5870219E-01   0.3089251E+00
      0.3160E+03   0.1941603E+02   0.5888855E-01   0.3087801E+00
      0.3170E+03   0.1936350E+02   0.5827883E-01   0.3086162E+00
      0.3180E+03   0.1931097E+02   0.5847241E-01   0.3084333E+00
      0.3190E+03   0.1925844E+02   0.5864652E-01   0.3082316E+00
      0.3200E+03   0.1920551E+02   0.5929097E-01   0.3080112E+00
      0.3210E+03   0.1914985E+02   0.6253363E-01   0.3077722E+00
      0.3220E+03   0.1909420E+02   0.6271858E-01   0.3075147E+00
      0.3230E+03   0.1903855E+02   0.6291335E-01   0.3072388E+00
      0.3240E+03   0.1898137E+02   0.6483468E-01   0.3069447E+00
      0.3250E+03   0.1891990E+02   0.6993180E-01   0.3066324E+00
      0.3260E+03   0.1885843E+02   0.7013699E-01   0.3063020E+00
      0.3270E+03   0.1879695E+02   0.7036215E-01   0.3059536E+00
      0.3280E+03   0.1873947E+02   0.6598668E-01   0.3055875E+00
      0.3290E+03   0.1868831E+02   0.5891314E-01   0.3052037E+00
      0.3300E+03   0.1863714E+02   0.5910232E-01   0.3048023E+00
      0.3310E+03   0.1858597E+02   0.5928142E-01   0.3043834E+00
      0.3320E+03   0.1853818E+02   0.5553579E-01   0.3039474E+00
      0.3330E+03   0.1849360E+02   0.5196030E-01   0.3034940E+00
      0.3340E+03   0.1844901E+02   0.5212656E-01   0.3030237E+00
      0.3350E+03   0.1840442E+02   0.5228263E-01   0.3025363E+00
      0.3360E+03   0.1835044E+02   0.6348005E-01   0.3020323E+00
      0.3370E+03   0.1829121E+02   0.6986145E-01   0.3015117E+00
      0.3380E+03   0.1823198E+02   0.7006876E-01   0.3009745E+00
      0.3390E+03   0.1817275E+02   0.7027606E-01   0.3004210E+00
      0.3400E+03   0.1811063E+02   0.7392996E-01   0.2998513E+00
      0.3410E+03   0.1804763E+02   0.7519173E-01   0.2992656E+00
      0.3420E+03   0.1798464E+02   0.7540176E-01   0.2986639E+00
      0.3430E+03   0.1792164E+02   0.7563274E-01   0.2980465E+00
      0.3440E+03   0.1786243E+02   0.7128098E-01   0.2974136E+00
      0.3450E+03   0.1780367E+02   0.7095990E-01   0.2967651E+00
      0.3460E+03   0.1774491E+02   0.7115498E-01   0.2961014E+00
      0.3470E+03   0.1768618E+02   0.7132875E-01   0.2954225E+00
      0.3480E+03   0.1762859E+02   0.7014881E-01   0.2947286E+00
      0.3490E+03   0.1757101E+02   0.7033970E-01   0.2940200E+00
      0.3500E+03   0.1751342E+02   0.7054125E-01   0.2932967E+00
      0.3510E+03   0.1745543E+02   0.7124802E-01   0.2925589E+00
      0.3520E+03   0.1739513E+02   0.7428620E-01   0.2918067E+00
      0.3530E+03   0.1733484E+02   0.7449724E-01   0.2910404E+00
      0.3540E+03   0.1727453E+02   0.7471912E-01   0.2902601E+00
      0.3550E+03   0.1721263E+02   0.7690890E-01   0.2894659E+00
      0.3560E+03   0.1714650E+02   0.8240244E-01   0.2886581E+00
      0.3570E+03   0.1708038E+02   0.8262298E-01   0.2878368E+00
      0.3580E+03   0.1701424E+02   0.8286538E-01   0.2870022E+00
      0.3590E+03   0.1695046E+02   0.8015031E-01   0.2861543E+00
      0.3600E+03   0.1689013E+02   0.7600759E-01   0.2852936E+00
      0.3610E+03   0.1682981E+02   0.7621873E-01   0.2844200E+00
      0.3620E+03   0.1676950E+02   0.7641877E-01   0.2835338E+00
      0.3630E+03   0.1671114E+02   0.7413965E-01   0.2826351E+00
      0.3640E+03   0.1665454E+02   0.7211436E-01   0.2817241E+00
      0.3650E+03   0.1659795E+02   0.7230130E-01   0.2808011E+00
      0.3660E+03   0.1654135E+02   0.7249938E-01   0.2798660E+00
      0.3670E+03   0.1647223E+02   0.8878128E-01   0.2789192E+00
      0.3680E+03   0.1639657E+02   0.9745328E-01   0.2779608E+00
      0.3690E+03   0.1632090E+02   0.9772940E-01   0.2769911E+00
      0.3700E+03   0.1624523E+02   0.9799425E-01   0.2760101E+00
      0.3710E+03   0.1618437E+02   0.7903450E-01   0.2750180E+00
      0.3720E+03   0.1612759E+02   0.7392714E-01   0.2740152E+00
      0.3730E+03   0.1607082E+02   0.7411445E-01   0.2730016E+00
      0.3740E+03   0.1601404E+02   0.7432460E-01   0.2719775E+00
      0.3750E+03   0.1595904E+02   0.7219196E-01   0.2709431E+00
      0.3760E+03   0.1590420E+02   0.7216569E-01   0.2698986E+00
      0.3770E+03   0.1584937E+02   0.7234607E-01   0.2688441E+00
      0.3780E+03   0.1579466E+02   0.7238748E-01   0.2677797E+00
      0.3790E+03   0.1574318E+02   0.6828436E-01   0.2667059E+00
      0.3800E+03   0.1569170E+02   0.6847617E-01   0.2656225E+00
      0.3810E+03   0.1564021E+02   0.6865637E-01   0.2645300E+00
      0.3820E+03   0.1559091E+02   0.6592354E-01   0.2634285E+00
      0.3830E+03   0.1555274E+02   0.5116437E-01   0.2623180E+00
      0.3840E+03   0.1551458E+02   0.5128620E-01   0.2611988E+00
      0.3850E+03   0.1547641E+02   0.5143155E-01   0.2600712E+00
      0.3860E+03   0.1543729E+02   0.5285367E-01   0.2589352E+00
      0.3870E+03   0.1539586E+02   0.5611955E-01   0.2577909E+00
      0.3880E+03   0.1535442E+02   0.5627644E-01   0.2566389E+00
      0.3890E+03   0.1531299E+02   0.5640957E-01   0.2554790E+00
      0.3900E+03   0.1527178E+02   0.5625598E-01   0.2543115E+00
      0.3910E+03   0.1523090E+02   0.5594520E-01   0.2531365E+00
      0.3920E+03   0.1519001E+02   0.5610028E-01   0.2519543E+00
      0.3930E+03   0.1514913E+02   0.5623136E-01   0.2507651E+00
      0.3940E+03   0.1510828E+02   0.5632618E-01   0.2495690E+00
      0.3950E+03   0.1506748E+02   0.5640865E-01   0.2483662E+00
      0.3960E+03   0.1502668E+02   0.5655146E-01   0.2471569E+00
      0.3970E+03   0.1498588E+02   0.5669426E-01   0.2459411E+00
      0.3980E+03   0.1494629E+02   0.5515500E-01   0.2447192E+00
      0.3990E+03   0.1490729E+02   0.5446265E-01   0.2434913E+00
      0.4000E+03   0.1486829E+02   0.5459914E-01   0.2422577E+00
      0.4010E+03   0.1482929E+02   0.5473564E-01   0.2409430E+00
      0.4020E+03   0.1478446E+02   0.6307157E-01   0.2394739E+00
      0.4030E+03   0.1473816E+02   0.6531427E-01   0.2378534E+00
      0.4040E+03   0.1469186E+02   0.6546397E-01   0.2360848E+00
      0.4050E+03   0.1464556E+02   0.6563841E-01   0.2341714E+00
      0.4060E+03   0.1460000E+02   0.6474360E-01   0.2321169E+00
      0.4070E+03   0.1455450E+02   0.6481581E-01   0.2299256E+00
      0.4080E+03   0.1450899E+02   0.6498756E-01   0.2276016E+00
      0.4090E+03   0.1446314E+02   0.6563535E-01   0.2251493E+00
      0.4100E+03   0.1441104E+02   0.7476114E-01   0.2225735E+00
      0.4110E+03   0.1435894E+02   0.7494348E-01   0.2198791E+00
      0.4120E+03   0.1430684E+02   0.7513844E-01   0.2170710E+00
      0.4130E+03   0.1425294E+02   0.7791372E-01   0.2141547E+00
      0.4140E+03   0.1419078E+02   0.9007131E-01   0.2111353E+00
      0.4150E+03   0.1412861E+02   0.9030159E-01   0.2080185E+00
      0.4160E+03   0.1406645E+02   0.9050644E-01   0.2048098E+00
      0.4170E+03   0.1400801E+02   0.8529640E-01   0.2015149E+00
      0.4180E+03   0.1395801E+02   0.7314754E-01   0.1981398E+00
      0.4190E+03   0.1390802E+02   0.7330970E-01   0.1946901E+00
      0.4200E+03   0.1385803E+02   0.7348467E-01   0.1911719E+00
      0.4210E+03   0.1380131E+02   0.8357460E-01   0.1875911E+00
      0.4220E+03   0.1373578E+02   0.9678755E-01   0.1839535E+00
      0.4230E+03   0.1367026E+02   0.9701690E-01   0.1802654E+00
      0.4240E+03   0.1360473E+02   0.9724626E-01   0.1765324E+00
      0.4250E+03   0.1354146E+02   0.9411752E-01   0.1727605E+00
      0.4260E+03   0.1347997E+02   0.9167750E-01   0.1689557E+00
      0.4270E+03   0.1341848E+02   0.9189270E-01   0.1651237E+00
      0.4280E+03   0.1335699E+02   0.9212102E-01   0.1612701E+00
      0.4290E+03   0.1329700E+02   0.9007646E-01   0.1574007E+00
      0.4300E+03   0.1323769E+02   0.8925925E-01   0.1535210E+00
      0.4310E+03   0.1317839E+02   0.8945363E-01   0.1496364E+00
      0.4320E+03   0.1311909E+02   0.8967441E-01   0.1457522E+00
      0.4330E+03   0.1304853E+02   0.1069222E+00   0.1418735E+00
      0.4340E+03   0.1297539E+02   0.1111034E+00   0.1380052E+00
      0.4350E+03   0.1290226E+02   0.1113461E+00   0.1341524E+00
      0.4360E+03   0.1282912E+02   0.1116154E+00   0.1303196E+00
      0.4370E+03   0.1276409E+02   0.9946501E-01   0.1265113E+00
      0.4380E+03   0.1269958E+02   0.9888778E-01   0.1227321E+00
      0.4390E+03   0.1263507E+02   0.9912700E-01   0.1189857E+00
      0.4400E+03   0.1257028E+02   0.9978401E-01   0.1152764E+00
      0.4410E+03   0.1250160E+02   0.1060074E+00   0.1116077E+00
      0.4420E+03   0.1243292E+02   0.1062478E+00   0.1079834E+00
      0.4430E+03   0.1236424E+02   0.1064881E+00   0.1044067E+00
      0.4440E+03   0.1229799E+02   0.1029620E+00   0.1008809E+00
      0.4450E+03   0.1224184E+02   0.8743948E-01   0.9740868E-01
      0.4460E+03   0.1218571E+02   0.8763597E-01   0.9399294E-01
      0.4470E+03   0.1212957E+02   0.8783247E-01   0.9063617E-01
      0.4480E+03   0.1206864E+02   0.9553392E-01   0.8734075E-01
      0.4490E+03   0.1199758E+02   0.1116707E+00   0.8410872E-01
      0.4500E+03   0.1192652E+02   0.1119194E+00   0.8094202E-01
      0.4510E+03   0.1185545E+02   0.1121819E+00   0.7784235E-01
      0.4520E+03   0.1178408E+02   0.1129151E+00   0.7481123E-01
      0.4530E+03   0.1171230E+02   0.1138031E+00   0.7184998E-01
      0.4540E+03   0.1164053E+02   0.1140543E+00   0.6895973E-01
      0.4550E+03   0.1156875E+02   0.1143055E+00   0.6614140E-01
      0.4560E+03   0.1149688E+02   0.1147104E+00   0.6339577E-01
      0.4570E+03   0.1142494E+02   0.1150739E+00   0.6072343E-01
      0.4580E+03   0.1135300E+02   0.1153117E+00   0.5812480E-01
      0.4590E+03   0.1128106E+02   0.1155775E+00   0.5560012E-01
      0.4600E+03   0.1120593E+02   0.1209573E+00   0.5314950E-01
      0.4610E+03   0.1112945E+02   0.1234086E+00   0.5077287E-01
      0.4620E+03   0.1105297E+02   0.1236621E+00   0.4847006E-01
      0.4630E+03   0.1097649E+02   0.1239439E+00   0.4624073E-01
      0.4640E+03   0.1090787E+02   0.1114366E+00   0.4408441E-01
      0.4650E+03   0.1084089E+02   0.1090138E+00   0.4200052E-01
      0.4660E+03   0.1077392E+02   0.1092339E+00   0.3998837E-01
      0.4670E+03   0.1070694E+02   0.1094826E+00   0.3804713E-01
      0.4680E+03   0.1063608E+02   0.1160665E+00   0.3617593E-01
      0.4690E+03   0.1056504E+02   0.1166161E+00   0.3437374E-01
      0.4700E+03   0.1049399E+02   0.1168792E+00   0.3263949E-01
      0.4710E+03   0.1042261E+02   0.1176760E+00   0.3097200E-01
      0.4720E+03   0.1034736E+02   0.1243006E+00   0.2937005E-01
      0.4730E+03   0.1027213E+02   0.1245494E+00   0.2783233E-01
      0.4740E+03   0.1019689E+02   0.1248273E+00   0.2635748E-01
      0.4750E+03   0.1011971E+02   0.1283201E+00   0.2494412E-01
      0.4760E+03   0.1003516E+02   0.1408647E+00   0.2359074E-01
      0.4770E+03   0.9950587E+01   0.1411898E+00   0.2229588E-01
      0.4780E+03   0.9866036E+01   0.1414566E+00   0.2105801E-01
      0.4790E+03   0.9782351E+01   0.1403002E+00   0.1987558E-01
      0.4800E+03   0.9700416E+01   0.1376531E+00   0.1874701E-01
      0.4810E+03   0.9618472E+01   0.1379546E+00   0.1767070E-01
      0.4820E+03   0.9536529E+01   0.1382414E+00   0.1664505E-01
      0.4830E+03   0.9454086E+01   0.1393713E+00   0.1566846E-01
      0.4840E+03   0.9371066E+01   0.1406382E+00   0.1473930E-01
      0.4850E+03   0.9288037E+01   0.1409436E+00   0.1385599E-01
      0.4860E+03   0.9205009E+01   0.1412342E+00   0.1301692E-01
      0.4870E+03   0.9109109E+01   0.1634642E+00   0.1222049E-01
      0.4880E+03   0.9004249E+01   0.1791038E+00   0.1146512E-01
      0.4890E+03   0.8899389E+01   0.1794708E+00   0.1074926E-01
      0.4900E+03   0.8794529E+01   0.1798378E+00   0.1007136E-01
      0.4910E+03   0.8704498E+01   0.1547199E+00   0.9429919E-02
      0.4920E+03   0.8620348E+01   0.1449095E+00   0.8823439E-02
      0.4930E+03   0.8536195E+01   0.1452071E+00   0.8250444E-02
      0.4940E+03   0.8452045E+01   0.1454986E+00   0.7709512E-02
      0.4950E+03   0.8358151E+01   0.1626734E+00   0.7199236E-02
      0.4960E+03   0.8262444E+01   0.1661509E+00   0.6718246E-02
      0.4970E+03   0.8166736E+01   0.1664859E+00   0.6265207E-02
      0.4980E+03   0.8071030E+01   0.1668194E+00   0.5838818E-02
      0.4990E+03   0.7959482E+01   0.1948211E+00   0.5437817E-02
      0.5000E+03   0.7847444E+01   0.1960691E+00   0.5060976E-02
      0.5010E+03   0.7735408E+01   0.1964597E+00   0.4707106E-02
      0.5020E+03   0.7623002E+01   0.1975006E+00   0.4375059E-02
      0.5030E+03   0.7507159E+01   0.2039449E+00   0.4063721E-02
      0.5040E+03   0.7391316E+01   0.2043504E+00   0.3772021E-02
      0.5050E+03   0.7275474E+01   0.2047543E+00   0.3498923E-02
      0.5060E+03   0.7157357E+01   0.2091873E+00   0.3243432E-02
      0.5070E+03   0.7031357E+01   0.2235907E+00   0.3004593E-02
      0.5080E+03   0.6905357E+01   0.2240317E+00   0.2781484E-02
      0.5090E+03   0.6779357E+01   0.2244727E+00   0.2573224E-02
      0.5100E+03   0.6654159E+01   0.2234830E+00   0.2378971E-02
      0.5110E+03   0.6530444E+01   0.2212670E+00   0.2197914E-02
      0.5120E+03   0.6406730E+01   0.2217000E+00   0.2029284E-02
      0.5130E+03   0.6283015E+01   0.2221346E+00   0.1872342E-02
      0.5140E+03   0.6155181E+01   0.2299771E+00   0.1726386E-02
      0.5150E+03   0.6022839E+01   0.2385488E+00   0.1590746E-02
      0.5160E+03   0.5890498E+01   0.2390120E+00   0.1464785E-02
      0.5170E+03   0.5758157E+01   0.2394752E+00   0.1347900E-02
      0.5180E+03   0.5617276E+01   0.2554217E+00   0.1239515E-02
      0.5190E+03   0.5470804E+01   0.2660714E+00   0.1139086E-02
      0.5200E+03   0.5324331E+01   0.2665841E+00   0.1046095E-02
      0.5210E+03   0.5177859E+01   0.2670967E+00   0.9600553E-03
      0.5220E+03   0.5046105E+01   0.2407185E+00   0.8805055E-03
      0.5230E+03   0.4919759E+01   0.2312795E+00   0.8070093E-03
      0.5240E+03   0.4793414E+01   0.2317201E+00   0.7391545E-03
      0.5250E+03   0.4667069E+01   0.2321639E+00   0.6765540E-03
      0.5260E+03   0.4533001E+01   0.2468223E+00   0.6188426E-03
      0.5270E+03   0.4397655E+01   0.2496496E+00   0.5656770E-03
      0.5280E+03   0.4262310E+01   0.2501217E+00   0.5167343E-03
      0.5290E+03   0.4126965E+01   0.2505954E+00   0.4717118E-03
      0.5300E+03   0.3983329E+01   0.2664501E+00   0.4303251E-03
      0.5310E+03   0.3839566E+01   0.2671886E+00   0.3923081E-03
      0.5320E+03   0.3695802E+01   0.2676918E+00   0.3574114E-03
      0.5330E+03   0.3554089E+01   0.2643704E+00   0.3254019E-03
      0.5340E+03   0.3428647E+01   0.2344545E+00   0.2960619E-03
      0.5350E+03   0.3303206E+01   0.2348919E+00   0.2691879E-03
      0.5360E+03   0.3177765E+01   0.2353326E+00   0.2445903E-03
      0.5370E+03   0.3054681E+01   0.2313395E+00   0.2220924E-03
      0.5380E+03   0.2939115E+01   0.2176153E+00   0.2015296E-03
      0.5390E+03   0.2823548E+01   0.2180198E+00   0.1827488E-03
      0.5400E+03   0.2707981E+01   0.2184243E+00   0.1656078E-03
      0.5410E+03   0.2597816E+01   0.2086011E+00   0.1499747E-03
      0.5420E+03   0.2497022E+01   0.1912091E+00   0.1357269E-03
      0.5430E+03   0.2396228E+01   0.1915636E+00   0.1227509E-03
      0.5440E+03   0.2295434E+01   0.1919147E+00   0.1109415E-03
      0.5450E+03   0.2203701E+01   0.1749840E+00   0.1002015E-03
      0.5460E+03   0.2121305E+01   0.1574599E+00   0.9044105E-04
      0.5470E+03   0.2038910E+01   0.1577483E+00   0.8157690E-04
      0.5480E+03   0.1956515E+01   0.1580367E+00   0.7353258E-04
      0.5490E+03   0.1880264E+01   0.1465187E+00   0.6623740E-04
      0.5500E+03   0.1807789E+01   0.1395157E+00   0.5962626E-04
      0.5510E+03   0.1735314E+01   0.1397710E+00   0.5363926E-04
      0.5520E+03   0.1662840E+01   0.1400230E+00   0.4822128E-04
      0.5530E+03   0.1591523E+01   0.1380344E+00   0.4332171E-04
      0.5540E+03   0.1520602E+01   0.1375188E+00   0.3889407E-04
      0.5550E+03   0.1449681E+01   0.1377670E+00   0.3489571E-04
      0.5560E+03   0.1378760E+01   0.1380136E+00   0.3128756E-04
      0.5570E+03   0.1319437E+01   0.1156526E+00   0.2803381E-04
      0.5580E+03   0.1261799E+01   0.1125689E+00   0.2510172E-04
      0.5590E+03   0.1204161E+01   0.1127706E+00   0.2246136E-04
      0.5600E+03   0.1146524E+01   0.1129706E+00   0.2008534E-04
      0.5610E+03   0.1092744E+01   0.1055990E+00   0.1794872E-04
      0.5620E+03   0.1038964E+01   0.1057872E+00   0.1602871E-04
      0.5630E+03   0.9851835E+00   0.1059755E+00   0.1430458E-04
      0.5640E+03   0.9314034E+00   0.1061637E+00   0.1275740E-04
      0.5650E+03   0.8976397E+00   0.6676866E-01   0.1137000E-04
      0.5660E+03   0.8638760E+00   0.6688718E-01   0.1012674E-04
      0.5670E+03   0.8301125E+00   0.6700466E-01   0.9013427E-05
      0.5680E+03   0.7963489E+00   0.6712318E-01   0.8017174E-05
      0.5690E+03   0.7705057E+00   0.5146760E-01   0.7126293E-05
      0.5700E+03   0.7446624E+00   0.5155823E-01   0.6330194E-05
      0.5710E+03   0.7188191E+00   0.5164868E-01   0.5619291E-05
      0.5720E+03   0.6929758E+00   0.5173913E-01   0.4984908E-05
      0.5730E+03   0.6734446E+00   0.3917034E-01   0.4419201E-05
      0.5740E+03   0.6539135E+00   0.3923870E-01   0.3915088E-05
      0.5750E+03   0.6343823E+00   0.3930706E-01   0.3466173E-05
      0.5760E+03   0.6148511E+00   0.3937559E-01   0.3066693E-05
      0.5770E+03   0.6004820E+00   0.2901900E-01   0.2711449E-05
      0.5780E+03   0.5861126E+00   0.2906965E-01   0.2395762E-05
      0.5790E+03   0.5717434E+00   0.2911976E-01   0.2115422E-05
      0.5800E+03   0.5573742E+00   0.2916988E-01   0.1866645E-05
      0.5810E+03   0.5472417E+00   0.2060478E-01   0.1646028E-05
      0.5820E+03   0.5371092E+00   0.2064024E-01   0.1450521E-05
      0.5830E+03   0.5269768E+00   0.2067553E-01   0.1277385E-05
      0.5840E+03   0.5168444E+00   0.2071099E-01   0.1124168E-05
      0.5850E+03   0.5101927E+00   0.1361950E-01   0.9886704E-06
      0.5860E+03   0.5035411E+00   0.1364260E-01   0.8689268E-06
      0.5870E+03   0.4968895E+00   0.1366606E-01   0.7631783E-06
      0.5880E+03   0.4902379E+00   0.1368917E-01   0.6698538E-06
      0.5890E+03   0.4864471E+00   0.7814785E-02   0.5875506E-06
      0.5900E+03   0.4826564E+00   0.7828053E-02   0.5150172E-06
      0.5910E+03   0.4788655E+00   0.7841502E-02   0.4511381E-06
      0.5920E+03   0.4750747E+00   0.7854770E-02   0.3949194E-06
      0.5930E+03   0.4736307E+00   0.2997097E-02   0.3454766E-06
      0.5940E+03   0.4721866E+00   0.3002333E-02   0.3020231E-06
      0.5950E+03   0.4707425E+00   0.3007387E-02   0.2638597E-06
      0.5960E+03   0.4692984E+00   0.3012442E-02   0.2303653E-06
      0.5970E+03   0.4697658E+00  -0.9767005E-03   0.2009891E-06
      0.5980E+03   0.4702332E+00  -0.9783365E-03   0.1752423E-06
      0.5990E+03   0.4707006E+00  -0.9799725E-03   0.1526922E-06
      0.6000E+03   0.4711681E+00  -0.9816086E-03   0.1329555E-06
